    1, -1, 
    2, 1, 
    3, 9, 
    4, 17, 
    5, 1, 
    6, -3, 
    7, 5, 
    8, 5, 
    9, 1, 
   10, 53, 
   11, -1, 
   12, -17, 
   13, 1, 
   14, -1, 
   15, -1, 
   16, -1, 
   17, 1, 
   18, 11, 
   19, -57, 
   20, -3, 
   21, 1, 
   22, 5, 
   23, -1, 
   24, 1, 
   25, 3, 
   26, -1, 
   27, -1, 
   28, -1, 
   29, -1, 
   30, -11, 
   31, 19, 
   32, -3, 
   33, 83, 
   34, -1, 
   35, 1035, 
   36, -7, 
   37, 427, 
   38, -45, 
   39, 1, 
   40, 73, 
   41, 1, 
   42, -15, 
   43, 17, 
   44, -75, 
   45, 1, 
   46, 5, 
   47, 1, 
   48, 147, 
   49, -39, 
   50, 13, 
   51, 67, 
   52, 77, 
   53, 579, 
   54, 1, 
   55, 11, 
   56, 1, 
   57, -1, 
   58, -37, 
   59, -31, 
   60, -1, 
   61, -41, 
   62, -3, 
   63, -1, 
   64, -1, 
   65, 73, 
   66, 41, 
   67, 1, 
   68, 1, 
   69, -1, 
   70, -3, 
   71, 1, 
   72, -3, 
   73, -7, 
   74, 1, 
   75, -1, 
   76, -1843, 
   77, -5, 
   78, 1, 
   79, 1, 
   80, 5, 
   81, 3, 
   82, 1, 
   83, 1, 
   84, 15, 
   85, -1, 
   86, 33, 
   87, 1, 
   88, 1, 
   89, 1, 
   90, 5, 
   91, 1, 
   92, -1, 
   93, 1, 
   94, 1, 
   95, -5, 
   96, -1, 
   97, 1, 
   98, -35, 
   99, 849, 
  100, 633, 
  101, 1, 
  102, -11, 
  103, -1, 
  104, -1, 
  105, 1, 
  106, -1, 
  107, -1, 
  108, -1, 
  109, 1, 
  110, -1, 
  111, 1, 
  112, 5, 
  113, 1, 
  114, -47, 
  115, 3, 
  116, 1045, 
  117, 1, 
  118, -21, 
  119, -1, 
  120, -1, 
  121, 13, 
  122, 1, 
  123, 31, 
  124, -1, 
  125, 3, 
