    1, 1, 
    2, -1, 
    3, -3, 
    4, -19, 
    5, -91, 
    6, -1, 
    7, 3, 
    8, 3, 
    9, -1, 
   10, -1, 
   11, -1, 
   12, 1, 
   13, -1, 
   14, 1, 
   15, -1, 
   16, 1, 
   17, 11, 
   18, 1, 
   19, 1, 
   20, 19, 
   21, 1, 
   22, -3063, 
   23, -1, 
   24, -55, 
   25, -1, 
   26, -1, 
   27, 1, 
   28, -1, 
   29, 1, 
   30, 1, 
   31, 3605, 
   32, -1, 
   33, -1, 
   34, -1, 
   35, -1, 
   36, 9, 
   37, -1, 
   38, -1, 
   39, 1, 
   40, -1, 
   41, 1, 
   42, 1, 
   43, -5, 
   44, -1, 
   45, -1, 
   46, -17, 
   47, -11, 
   48, -3, 
   49, 3, 
   50, 1, 
   51, -1, 
   52, -7, 
   53, -1, 
   54, -1, 
   55, -1, 
   56, 1, 
   57, -867, 
   58, -1, 
   59, 1, 
   60, 1, 
   61, 1, 
   62, 1, 
   63, 1, 
   64, 1, 
   65, -1, 
   66, 1, 
   67, 3, 
   68, 5, 
   69, 11, 
   70, -1, 
   71, 1, 
   72, 15, 
   73, 1, 
   74, 1, 
   75, 1, 
   76, -53, 
   77, 1, 
   78, 1, 
   79, 1, 
   80, -1, 
   81, -1, 
   82, -1, 
   83, 1, 
   84, -1, 
   85, 1, 
   86, -1, 
   87, 19, 
   88, 1, 
   89, 1033, 
   90, -1, 
