0 0.000000e+00 0.000000e+00 
1 1.000000e-02 1.000000e-02 
2 2.000000e-02 2.000000e-02 
3 3.000000e-02 3.000000e-02 
4 4.000000e-02 4.000000e-02 
5 5.000000e-02 5.000000e-02 
6 6.000000e-02 6.000000e-02 
7 7.000000e-02 7.000000e-02 
8 8.000000e-02 8.000000e-02 
9 9.000000e-02 9.000000e-02 
10 1.000000e-01 1.000000e-01 
11 1.100000e-01 1.100000e-01 
12 1.200000e-01 1.200000e-01 
13 1.300000e-01 1.300000e-01 
14 1.400000e-01 1.400000e-01 
15 1.500000e-01 1.500000e-01 
16 1.600000e-01 1.600000e-01 
17 1.700000e-01 1.700000e-01 
18 1.800000e-01 1.800000e-01 
19 1.900000e-01 1.900000e-01 
20 2.000000e-01 2.000000e-01 
21 2.100000e-01 2.100000e-01 
22 2.200000e-01 2.200000e-01 
23 2.300000e-01 2.300000e-01 
24 2.400000e-01 2.400000e-01 
25 2.500000e-01 2.500000e-01 
26 2.600000e-01 2.600000e-01 
27 2.700000e-01 2.700000e-01 
28 2.800000e-01 2.800000e-01 
29 2.900000e-01 2.900000e-01 
30 3.000000e-01 3.000000e-01 
31 3.100000e-01 3.100000e-01 
32 3.200000e-01 3.200000e-01 
33 3.300000e-01 3.300000e-01 
34 3.400000e-01 3.400000e-01 
35 3.500000e-01 3.500000e-01 
36 3.600000e-01 3.600000e-01 
37 3.700000e-01 3.700000e-01 
38 3.800000e-01 3.800000e-01 
39 3.900000e-01 3.900000e-01 
40 4.000000e-01 4.000000e-01 
41 4.100000e-01 4.100000e-01 
42 4.200000e-01 4.200000e-01 
43 4.300000e-01 4.300000e-01 
44 4.400000e-01 4.400000e-01 
45 4.500000e-01 4.500000e-01 
46 4.600000e-01 4.600000e-01 
47 4.700000e-01 4.700000e-01 
48 4.800000e-01 4.800000e-01 
49 4.900000e-01 4.900000e-01 
50 5.000000e-01 5.000000e-01 
51 5.100000e-01 5.100000e-01 
52 5.200000e-01 5.200000e-01 
53 5.300000e-01 5.300000e-01 
54 5.400000e-01 5.400000e-01 
55 5.500000e-01 5.500000e-01 
56 5.600000e-01 5.600000e-01 
57 5.700000e-01 5.700000e-01 
58 5.800000e-01 5.800000e-01 
59 5.900000e-01 5.900000e-01 
60 6.000000e-01 6.000000e-01 
61 6.100000e-01 6.100000e-01 
62 6.200000e-01 6.200000e-01 
63 6.300000e-01 6.300000e-01 
64 6.400000e-01 6.400000e-01 
65 6.500000e-01 6.500000e-01 
66 6.600000e-01 6.600000e-01 
67 6.700000e-01 6.700000e-01 
68 6.800000e-01 6.800000e-01 
69 6.900000e-01 6.900000e-01 
70 7.000000e-01 7.000000e-01 
71 7.100000e-01 7.100000e-01 
72 7.200000e-01 7.200000e-01 
73 7.300000e-01 7.300000e-01 
74 7.400000e-01 7.400000e-01 
75 7.500000e-01 7.500000e-01 
76 7.600000e-01 7.600000e-01 
77 7.700000e-01 7.700000e-01 
78 7.800000e-01 7.800000e-01 
79 7.900000e-01 7.900000e-01 
80 8.000000e-01 8.000000e-01 
81 8.100000e-01 8.100000e-01 
82 8.200000e-01 8.200000e-01 
83 8.300000e-01 8.300000e-01 
84 8.400000e-01 8.400000e-01 
85 8.500000e-01 8.500000e-01 
86 8.600000e-01 8.600000e-01 
87 8.700000e-01 8.700000e-01 
88 8.800000e-01 8.800000e-01 
89 8.900000e-01 8.900000e-01 
90 9.000000e-01 9.000000e-01 
91 9.100000e-01 9.100000e-01 
92 9.200000e-01 9.200000e-01 
93 9.300000e-01 9.300000e-01 
94 9.400000e-01 9.400000e-01 
95 9.500000e-01 9.500000e-01 
96 9.600000e-01 9.600000e-01 
97 9.700000e-01 9.700000e-01 
98 9.800000e-01 9.800000e-01 
99 9.900000e-01 9.900000e-01 
100 1.000000e+00 1.000000e+00 
101 1.010000e+00 9.900000e-01 
102 1.020000e+00 9.800000e-01 
103 1.030000e+00 9.700000e-01 
104 1.040000e+00 9.600000e-01 
105 1.050000e+00 9.500000e-01 
106 1.060000e+00 9.400000e-01 
107 1.070000e+00 9.300000e-01 
108 1.080000e+00 9.200000e-01 
109 1.090000e+00 9.100000e-01 
110 1.100000e+00 9.000000e-01 
111 1.110000e+00 8.900000e-01 
112 1.120000e+00 8.800000e-01 
113 1.130000e+00 8.700000e-01 
114 1.140000e+00 8.600000e-01 
115 1.150000e+00 8.500000e-01 
116 1.160000e+00 8.400000e-01 
117 1.170000e+00 8.300000e-01 
118 1.180000e+00 8.200000e-01 
119 1.190000e+00 8.100000e-01 
120 1.200000e+00 8.000000e-01 
121 1.210000e+00 7.900000e-01 
122 1.220000e+00 7.800000e-01 
123 1.230000e+00 7.700000e-01 
124 1.240000e+00 7.600000e-01 
125 1.250000e+00 7.500000e-01 
126 1.260000e+00 7.400000e-01 
127 1.270000e+00 7.300000e-01 
128 1.280000e+00 7.200000e-01 
129 1.290000e+00 7.100000e-01 
130 1.300000e+00 7.000000e-01 
131 1.310000e+00 6.900000e-01 
132 1.320000e+00 6.800000e-01 
133 1.330000e+00 6.700000e-01 
134 1.340000e+00 6.600000e-01 
135 1.350000e+00 6.500000e-01 
136 1.360000e+00 6.400000e-01 
137 1.370000e+00 6.300000e-01 
138 1.380000e+00 6.200000e-01 
139 1.390000e+00 6.100000e-01 
140 1.400000e+00 6.000000e-01 
141 1.410000e+00 5.900000e-01 
142 1.420000e+00 5.800000e-01 
143 1.430000e+00 5.700000e-01 
144 1.440000e+00 5.600000e-01 
145 1.450000e+00 5.500000e-01 
146 1.460000e+00 5.400000e-01 
147 1.470000e+00 5.300000e-01 
148 1.480000e+00 5.200000e-01 
149 1.490000e+00 5.100000e-01 
150 1.500000e+00 5.000000e-01 
151 1.510000e+00 4.900000e-01 
152 1.520000e+00 4.800000e-01 
153 1.530000e+00 4.700000e-01 
154 1.540000e+00 4.600000e-01 
155 1.550000e+00 4.500000e-01 
156 1.560000e+00 4.400000e-01 
157 1.570000e+00 4.300000e-01 
158 1.580000e+00 4.200000e-01 
159 1.590000e+00 4.100000e-01 
160 1.600000e+00 4.000000e-01 
161 1.610000e+00 3.900000e-01 
162 1.620000e+00 3.800000e-01 
163 1.630000e+00 3.700000e-01 
164 1.640000e+00 3.600000e-01 
165 1.650000e+00 3.500000e-01 
166 1.660000e+00 3.400000e-01 
167 1.670000e+00 3.300000e-01 
168 1.680000e+00 3.200000e-01 
169 1.690000e+00 3.100000e-01 
170 1.700000e+00 3.000000e-01 
171 1.710000e+00 2.900000e-01 
172 1.720000e+00 2.800000e-01 
173 1.730000e+00 2.700000e-01 
174 1.740000e+00 2.600000e-01 
175 1.750000e+00 2.500000e-01 
176 1.760000e+00 2.400000e-01 
177 1.770000e+00 2.300000e-01 
178 1.780000e+00 2.200000e-01 
179 1.790000e+00 2.100000e-01 
180 1.800000e+00 2.000000e-01 
181 1.810000e+00 1.900000e-01 
182 1.820000e+00 1.800000e-01 
183 1.830000e+00 1.700000e-01 
184 1.840000e+00 1.600000e-01 
185 1.850000e+00 1.500000e-01 
186 1.860000e+00 1.400000e-01 
187 1.870000e+00 1.300000e-01 
188 1.880000e+00 1.200000e-01 
189 1.890000e+00 1.100000e-01 
190 1.900000e+00 1.000000e-01 
191 1.910000e+00 9.000000e-02 
192 1.920000e+00 8.000000e-02 
193 1.930000e+00 7.000000e-02 
194 1.940000e+00 6.000000e-02 
195 1.950000e+00 5.000000e-02 
196 1.960000e+00 4.000000e-02 
197 1.970000e+00 3.000000e-02 
198 1.980000e+00 2.000000e-02 
199 1.990000e+00 1.000000e-02 
200 2.000000e+00 -7.528700e-16 
201 2.010000e+00 -1.000000e-02 
202 2.020000e+00 -2.000000e-02 
203 2.030000e+00 -3.000000e-02 
204 2.040000e+00 -4.000000e-02 
205 2.050000e+00 -5.000000e-02 
206 2.060000e+00 -6.000000e-02 
207 2.070000e+00 -7.000000e-02 
208 2.080000e+00 -8.000000e-02 
209 2.090000e+00 -9.000000e-02 
210 2.100000e+00 -1.000000e-01 
211 2.110000e+00 -1.100000e-01 
212 2.120000e+00 -1.200000e-01 
213 2.130000e+00 -1.300000e-01 
214 2.140000e+00 -1.400000e-01 
215 2.150000e+00 -1.500000e-01 
216 2.160000e+00 -1.600000e-01 
217 2.170000e+00 -1.700000e-01 
218 2.180000e+00 -1.800000e-01 
219 2.190000e+00 -1.900000e-01 
220 2.200000e+00 -2.000000e-01 
221 2.210000e+00 -2.100000e-01 
222 2.220000e+00 -2.200000e-01 
223 2.230000e+00 -2.300000e-01 
224 2.240000e+00 -2.400000e-01 
225 2.250000e+00 -2.500000e-01 
226 2.260000e+00 -2.600000e-01 
227 2.270000e+00 -2.700000e-01 
228 2.280000e+00 -2.800000e-01 
229 2.290000e+00 -2.900000e-01 
230 2.300000e+00 -3.000000e-01 
231 2.310000e+00 -3.100000e-01 
232 2.320000e+00 -3.200000e-01 
233 2.330000e+00 -3.300000e-01 
234 2.340000e+00 -3.400000e-01 
235 2.350000e+00 -3.500000e-01 
236 2.360000e+00 -3.600000e-01 
237 2.370000e+00 -3.700000e-01 
238 2.380000e+00 -3.800000e-01 
239 2.390000e+00 -3.900000e-01 
240 2.400000e+00 -4.000000e-01 
241 2.410000e+00 -4.100000e-01 
242 2.420000e+00 -4.200000e-01 
243 2.430000e+00 -4.300000e-01 
244 2.440000e+00 -4.400000e-01 
245 2.450000e+00 -4.500000e-01 
246 2.460000e+00 -4.600000e-01 
247 2.470000e+00 -4.700000e-01 
248 2.480000e+00 -4.800000e-01 
249 2.490000e+00 -4.900000e-01 
250 2.500000e+00 -5.000000e-01 
251 2.510000e+00 -5.100000e-01 
252 2.520000e+00 -5.200000e-01 
253 2.530000e+00 -5.300000e-01 
254 2.540000e+00 -5.400000e-01 
255 2.550000e+00 -5.500000e-01 
256 2.560000e+00 -5.600000e-01 
257 2.570000e+00 -5.700000e-01 
258 2.580000e+00 -5.800000e-01 
259 2.590000e+00 -5.900000e-01 
260 2.600000e+00 -6.000000e-01 
261 2.610000e+00 -6.100000e-01 
262 2.620000e+00 -6.200000e-01 
263 2.630000e+00 -6.300000e-01 
264 2.640000e+00 -6.400000e-01 
265 2.650000e+00 -6.500000e-01 
266 2.660000e+00 -6.600000e-01 
267 2.670000e+00 -6.700000e-01 
268 2.680000e+00 -6.800000e-01 
269 2.690000e+00 -6.900000e-01 
270 2.700000e+00 -7.000000e-01 
271 2.710000e+00 -7.100000e-01 
272 2.720000e+00 -7.200000e-01 
273 2.730000e+00 -7.300000e-01 
274 2.740000e+00 -7.400000e-01 
275 2.750000e+00 -7.500000e-01 
276 2.760000e+00 -7.600000e-01 
277 2.770000e+00 -7.700000e-01 
278 2.780000e+00 -7.800000e-01 
279 2.790000e+00 -7.900000e-01 
280 2.800000e+00 -8.000000e-01 
281 2.810000e+00 -8.100000e-01 
282 2.820000e+00 -8.200000e-01 
283 2.830000e+00 -8.300000e-01 
284 2.840000e+00 -8.400000e-01 
285 2.850000e+00 -8.500000e-01 
286 2.860000e+00 -8.600000e-01 
287 2.870000e+00 -8.700000e-01 
288 2.880000e+00 -8.800000e-01 
289 2.890000e+00 -8.900000e-01 
290 2.900000e+00 -9.000000e-01 
291 2.910000e+00 -9.100000e-01 
292 2.920000e+00 -9.200000e-01 
293 2.930000e+00 -9.300000e-01 
294 2.940000e+00 -9.400000e-01 
295 2.950000e+00 -9.500000e-01 
296 2.960000e+00 -9.600000e-01 
297 2.970000e+00 -9.700000e-01 
298 2.980000e+00 -9.800000e-01 
299 2.990000e+00 -9.900000e-01 
300 3.000000e+00 -1.000000e+00 
301 3.010000e+00 -9.900000e-01 
302 3.020000e+00 -9.800000e-01 
303 3.030000e+00 -9.700000e-01 
304 3.040000e+00 -9.600000e-01 
305 3.050000e+00 -9.500000e-01 
306 3.060000e+00 -9.400000e-01 
307 3.070000e+00 -9.300000e-01 
308 3.080000e+00 -9.200000e-01 
309 3.090000e+00 -9.100000e-01 
310 3.100000e+00 -9.000000e-01 
311 3.110000e+00 -8.900000e-01 
312 3.120000e+00 -8.800000e-01 
313 3.130000e+00 -8.700000e-01 
314 3.140000e+00 -8.600000e-01 
315 3.150000e+00 -8.500000e-01 
316 3.160000e+00 -8.400000e-01 
317 3.170000e+00 -8.300000e-01 
318 3.180000e+00 -8.200000e-01 
319 3.190000e+00 -8.100000e-01 
320 3.200000e+00 -8.000000e-01 
321 3.210000e+00 -7.900000e-01 
322 3.220000e+00 -7.800000e-01 
323 3.230000e+00 -7.700000e-01 
324 3.240000e+00 -7.600000e-01 
325 3.250000e+00 -7.500000e-01 
326 3.260000e+00 -7.400000e-01 
327 3.270000e+00 -7.300000e-01 
328 3.280000e+00 -7.200000e-01 
329 3.290000e+00 -7.100000e-01 
330 3.300000e+00 -7.000000e-01 
331 3.310000e+00 -6.900000e-01 
332 3.320000e+00 -6.800000e-01 
333 3.330000e+00 -6.700000e-01 
334 3.340000e+00 -6.600000e-01 
335 3.350000e+00 -6.500000e-01 
336 3.360000e+00 -6.400000e-01 
337 3.370000e+00 -6.300000e-01 
338 3.380000e+00 -6.200000e-01 
339 3.390000e+00 -6.100000e-01 
340 3.400000e+00 -6.000000e-01 
341 3.410000e+00 -5.900000e-01 
342 3.420000e+00 -5.800000e-01 
343 3.430000e+00 -5.700000e-01 
344 3.440000e+00 -5.600000e-01 
345 3.450000e+00 -5.500000e-01 
346 3.460000e+00 -5.400000e-01 
347 3.470000e+00 -5.300000e-01 
348 3.480000e+00 -5.200000e-01 
349 3.490000e+00 -5.100000e-01 
350 3.500000e+00 -5.000000e-01 
351 3.510000e+00 -4.900000e-01 
352 3.520000e+00 -4.800000e-01 
353 3.530000e+00 -4.700000e-01 
354 3.540000e+00 -4.600000e-01 
355 3.550000e+00 -4.500000e-01 
356 3.560000e+00 -4.400000e-01 
357 3.570000e+00 -4.300000e-01 
358 3.580000e+00 -4.200000e-01 
359 3.590000e+00 -4.100000e-01 
360 3.600000e+00 -4.000000e-01 
361 3.610000e+00 -3.900000e-01 
362 3.620000e+00 -3.800000e-01 
363 3.630000e+00 -3.700000e-01 
364 3.640000e+00 -3.600000e-01 
365 3.650000e+00 -3.500000e-01 
366 3.660000e+00 -3.400000e-01 
367 3.670000e+00 -3.300000e-01 
368 3.680000e+00 -3.200000e-01 
369 3.690000e+00 -3.100000e-01 
370 3.700000e+00 -3.000000e-01 
371 3.710000e+00 -2.900000e-01 
372 3.720000e+00 -2.800000e-01 
373 3.730000e+00 -2.700000e-01 
374 3.740000e+00 -2.600000e-01 
375 3.750000e+00 -2.500000e-01 
376 3.760000e+00 -2.400000e-01 
377 3.770000e+00 -2.300000e-01 
378 3.780000e+00 -2.200000e-01 
379 3.790000e+00 -2.100000e-01 
380 3.800000e+00 -2.000000e-01 
381 3.810000e+00 -1.900000e-01 
382 3.820000e+00 -1.800000e-01 
383 3.830000e+00 -1.700000e-01 
384 3.840000e+00 -1.600000e-01 
385 3.850000e+00 -1.500000e-01 
386 3.860000e+00 -1.400000e-01 
387 3.870000e+00 -1.300000e-01 
388 3.880000e+00 -1.200000e-01 
389 3.890000e+00 -1.100000e-01 
390 3.900000e+00 -1.000000e-01 
391 3.910000e+00 -9.000000e-02 
392 3.920000e+00 -8.000000e-02 
393 3.930000e+00 -7.000000e-02 
394 3.940000e+00 -6.000000e-02 
395 3.950000e+00 -5.000000e-02 
396 3.960000e+00 -4.000000e-02 
397 3.970000e+00 -3.000000e-02 
398 3.980000e+00 -2.000000e-02 
399 3.990000e+00 -1.000000e-02 
400 4.000000e+00 7.528700e-16 
401 4.010000e+00 1.000000e-02 
402 4.020000e+00 2.000000e-02 
403 4.030000e+00 3.000000e-02 
404 4.040000e+00 4.000000e-02 
405 4.050000e+00 5.000000e-02 
406 4.060000e+00 6.000000e-02 
407 4.070000e+00 7.000000e-02 
408 4.080000e+00 8.000000e-02 
409 4.090000e+00 9.000000e-02 
410 4.100000e+00 1.000000e-01 
411 4.110000e+00 1.100000e-01 
412 4.120000e+00 1.200000e-01 
413 4.130000e+00 1.300000e-01 
414 4.140000e+00 1.400000e-01 
415 4.150000e+00 1.500000e-01 
416 4.160000e+00 1.600000e-01 
417 4.170000e+00 1.700000e-01 
418 4.180000e+00 1.800000e-01 
419 4.190000e+00 1.900000e-01 
420 4.200000e+00 2.000000e-01 
421 4.210000e+00 2.100000e-01 
422 4.220000e+00 2.200000e-01 
423 4.230000e+00 2.300000e-01 
424 4.240000e+00 2.400000e-01 
425 4.250000e+00 2.500000e-01 
426 4.260000e+00 2.600000e-01 
427 4.270000e+00 2.700000e-01 
428 4.280000e+00 2.800000e-01 
429 4.290000e+00 2.900000e-01 
430 4.300000e+00 3.000000e-01 
431 4.310000e+00 3.100000e-01 
432 4.320000e+00 3.200000e-01 
433 4.330000e+00 3.300000e-01 
434 4.340000e+00 3.400000e-01 
435 4.350000e+00 3.500000e-01 
436 4.360000e+00 3.600000e-01 
437 4.370000e+00 3.700000e-01 
438 4.380000e+00 3.800000e-01 
439 4.390000e+00 3.900000e-01 
440 4.400000e+00 4.000000e-01 
441 4.410000e+00 4.100000e-01 
442 4.420000e+00 4.200000e-01 
443 4.430000e+00 4.300000e-01 
444 4.440000e+00 4.400000e-01 
445 4.450000e+00 4.500000e-01 
446 4.460000e+00 4.600000e-01 
447 4.470000e+00 4.700000e-01 
448 4.480000e+00 4.800000e-01 
449 4.490000e+00 4.900000e-01 
450 4.500000e+00 5.000000e-01 
451 4.510000e+00 5.100000e-01 
452 4.520000e+00 5.200000e-01 
453 4.530000e+00 5.300000e-01 
454 4.540000e+00 5.400000e-01 
455 4.550000e+00 5.500000e-01 
456 4.560000e+00 5.600000e-01 
457 4.570000e+00 5.700000e-01 
458 4.580000e+00 5.800000e-01 
459 4.590000e+00 5.900000e-01 
460 4.600000e+00 6.000000e-01 
461 4.610000e+00 6.100000e-01 
462 4.620000e+00 6.200000e-01 
463 4.630000e+00 6.300000e-01 
464 4.640000e+00 6.400000e-01 
465 4.650000e+00 6.500000e-01 
466 4.660000e+00 6.600000e-01 
467 4.670000e+00 6.700000e-01 
468 4.680000e+00 6.800000e-01 
469 4.690000e+00 6.900000e-01 
470 4.700000e+00 7.000000e-01 
471 4.710000e+00 7.100000e-01 
472 4.720000e+00 7.200000e-01 
473 4.730000e+00 7.300000e-01 
474 4.740000e+00 7.400000e-01 
475 4.750000e+00 7.500000e-01 
476 4.760000e+00 7.600000e-01 
477 4.770000e+00 7.700000e-01 
478 4.780000e+00 7.800000e-01 
479 4.790000e+00 7.900000e-01 
480 4.800000e+00 8.000000e-01 
481 4.810000e+00 8.100000e-01 
482 4.820000e+00 8.200000e-01 
483 4.830000e+00 8.300000e-01 
484 4.840000e+00 8.400000e-01 
485 4.850000e+00 8.500000e-01 
486 4.860000e+00 8.600000e-01 
487 4.870000e+00 8.700000e-01 
488 4.880000e+00 8.800000e-01 
489 4.890000e+00 8.900000e-01 
490 4.900000e+00 9.000000e-01 
491 4.910000e+00 9.100000e-01 
492 4.920000e+00 9.200000e-01 
493 4.930000e+00 9.300000e-01 
494 4.940000e+00 9.400000e-01 
495 4.950000e+00 9.500000e-01 
496 4.960000e+00 9.600000e-01 
497 4.970000e+00 9.700000e-01 
498 4.980000e+00 9.800000e-01 
499 4.990000e+00 9.900000e-01 
500 5.000000e+00 1.000000e+00 
501 5.010000e+00 9.900000e-01 
502 5.020000e+00 9.800000e-01 
503 5.030000e+00 9.700000e-01 
504 5.040000e+00 9.600000e-01 
505 5.050000e+00 9.500000e-01 
506 5.060000e+00 9.400000e-01 
507 5.070000e+00 9.300000e-01 
508 5.080000e+00 9.200000e-01 
509 5.090000e+00 9.100000e-01 
510 5.100000e+00 9.000000e-01 
511 5.110000e+00 8.900000e-01 
512 5.120000e+00 8.800000e-01 
513 5.130000e+00 8.700000e-01 
514 5.140000e+00 8.600000e-01 
515 5.150000e+00 8.500000e-01 
516 5.160000e+00 8.400000e-01 
517 5.170000e+00 8.300000e-01 
518 5.180000e+00 8.200000e-01 
519 5.190000e+00 8.100000e-01 
520 5.200000e+00 8.000000e-01 
521 5.210000e+00 7.900000e-01 
522 5.220000e+00 7.800000e-01 
523 5.230000e+00 7.700000e-01 
524 5.240000e+00 7.600000e-01 
525 5.250000e+00 7.500000e-01 
526 5.260000e+00 7.400000e-01 
527 5.270000e+00 7.300000e-01 
528 5.280000e+00 7.200000e-01 
529 5.290000e+00 7.100000e-01 
530 5.300000e+00 7.000000e-01 
531 5.310000e+00 6.900000e-01 
532 5.320000e+00 6.800000e-01 
533 5.330000e+00 6.700000e-01 
534 5.340000e+00 6.600000e-01 
535 5.350000e+00 6.500000e-01 
536 5.360000e+00 6.400000e-01 
537 5.370000e+00 6.300000e-01 
538 5.380000e+00 6.200000e-01 
539 5.390000e+00 6.100000e-01 
540 5.400000e+00 6.000000e-01 
541 5.410000e+00 5.900000e-01 
542 5.420000e+00 5.800000e-01 
543 5.430000e+00 5.700000e-01 
544 5.440000e+00 5.600000e-01 
545 5.450000e+00 5.500000e-01 
546 5.460000e+00 5.400000e-01 
547 5.470000e+00 5.300000e-01 
548 5.480000e+00 5.200000e-01 
549 5.490000e+00 5.100000e-01 
550 5.500000e+00 5.000000e-01 
551 5.510000e+00 4.900000e-01 
552 5.520000e+00 4.800000e-01 
553 5.530000e+00 4.700000e-01 
554 5.540000e+00 4.600000e-01 
555 5.550000e+00 4.500000e-01 
556 5.560000e+00 4.400000e-01 
557 5.570000e+00 4.300000e-01 
558 5.580000e+00 4.200000e-01 
559 5.590000e+00 4.100000e-01 
560 5.600000e+00 4.000000e-01 
561 5.610000e+00 3.900000e-01 
562 5.620000e+00 3.800000e-01 
563 5.630000e+00 3.700000e-01 
564 5.640000e+00 3.600000e-01 
565 5.650000e+00 3.500000e-01 
566 5.660000e+00 3.400000e-01 
567 5.670000e+00 3.300000e-01 
568 5.680000e+00 3.200000e-01 
569 5.690000e+00 3.100000e-01 
570 5.700000e+00 3.000000e-01 
571 5.710000e+00 2.900000e-01 
572 5.720000e+00 2.800000e-01 
573 5.730000e+00 2.700000e-01 
574 5.740000e+00 2.600000e-01 
575 5.750000e+00 2.500000e-01 
576 5.760000e+00 2.400000e-01 
577 5.770000e+00 2.300000e-01 
578 5.780000e+00 2.200000e-01 
579 5.790000e+00 2.100000e-01 
580 5.800000e+00 2.000000e-01 
581 5.810000e+00 1.900000e-01 
582 5.820000e+00 1.800000e-01 
583 5.830000e+00 1.700000e-01 
584 5.840000e+00 1.600000e-01 
585 5.850000e+00 1.500000e-01 
586 5.860000e+00 1.400000e-01 
587 5.870000e+00 1.300000e-01 
588 5.880000e+00 1.200000e-01 
589 5.890000e+00 1.100000e-01 
590 5.900000e+00 1.000000e-01 
591 5.910000e+00 9.000000e-02 
592 5.920000e+00 8.000000e-02 
593 5.930000e+00 7.000000e-02 
594 5.940000e+00 6.000000e-02 
595 5.950000e+00 5.000000e-02 
596 5.960000e+00 4.000000e-02 
597 5.970000e+00 3.000000e-02 
598 5.980000e+00 2.000000e-02 
599 5.990000e+00 1.000000e-02 
600 6.000000e+00 -7.528700e-16 
601 6.010000e+00 -1.000000e-02 
602 6.020000e+00 -2.000000e-02 
603 6.030000e+00 -3.000000e-02 
604 6.040000e+00 -4.000000e-02 
605 6.050000e+00 -5.000000e-02 
606 6.060000e+00 -6.000000e-02 
607 6.070000e+00 -7.000000e-02 
608 6.080000e+00 -8.000000e-02 
609 6.090000e+00 -9.000000e-02 
610 6.100000e+00 -1.000000e-01 
611 6.110000e+00 -1.100000e-01 
612 6.120000e+00 -1.200000e-01 
613 6.130000e+00 -1.300000e-01 
614 6.140000e+00 -1.400000e-01 
615 6.150000e+00 -1.500000e-01 
616 6.160000e+00 -1.600000e-01 
617 6.170000e+00 -1.700000e-01 
618 6.180000e+00 -1.800000e-01 
619 6.190000e+00 -1.900000e-01 
620 6.200000e+00 -2.000000e-01 
621 6.210000e+00 -2.100000e-01 
622 6.220000e+00 -2.200000e-01 
623 6.230000e+00 -2.300000e-01 
624 6.240000e+00 -2.400000e-01 
625 6.250000e+00 -2.500000e-01 
626 6.260000e+00 -2.600000e-01 
627 6.270000e+00 -2.700000e-01 
628 6.280000e+00 -2.800000e-01 
629 6.290000e+00 -2.900000e-01 
630 6.300000e+00 -3.000000e-01 
631 6.310000e+00 -3.100000e-01 
632 6.320000e+00 -3.200000e-01 
633 6.330000e+00 -3.300000e-01 
634 6.340000e+00 -3.400000e-01 
635 6.350000e+00 -3.500000e-01 
636 6.360000e+00 -3.600000e-01 
637 6.370000e+00 -3.700000e-01 
638 6.380000e+00 -3.800000e-01 
639 6.390000e+00 -3.900000e-01 
640 6.400000e+00 -4.000000e-01 
641 6.410000e+00 -4.100000e-01 
642 6.420000e+00 -4.200000e-01 
643 6.430000e+00 -4.300000e-01 
644 6.440000e+00 -4.400000e-01 
645 6.450000e+00 -4.500000e-01 
646 6.460000e+00 -4.600000e-01 
647 6.470000e+00 -4.700000e-01 
648 6.480000e+00 -4.800000e-01 
649 6.490000e+00 -4.900000e-01 
650 6.500000e+00 -5.000000e-01 
651 6.510000e+00 -5.100000e-01 
652 6.520000e+00 -5.200000e-01 
653 6.530000e+00 -5.300000e-01 
654 6.540000e+00 -5.400000e-01 
655 6.550000e+00 -5.500000e-01 
656 6.560000e+00 -5.600000e-01 
657 6.570000e+00 -5.700000e-01 
658 6.580000e+00 -5.800000e-01 
659 6.590000e+00 -5.900000e-01 
660 6.600000e+00 -6.000000e-01 
661 6.610000e+00 -6.100000e-01 
662 6.620000e+00 -6.200000e-01 
663 6.630000e+00 -6.300000e-01 
664 6.640000e+00 -6.400000e-01 
665 6.650000e+00 -6.500000e-01 
666 6.660000e+00 -6.600000e-01 
667 6.670000e+00 -6.700000e-01 
668 6.680000e+00 -6.800000e-01 
669 6.690000e+00 -6.900000e-01 
670 6.700000e+00 -7.000000e-01 
671 6.710000e+00 -7.100000e-01 
672 6.720000e+00 -7.200000e-01 
673 6.730000e+00 -7.300000e-01 
674 6.740000e+00 -7.400000e-01 
675 6.750000e+00 -7.500000e-01 
676 6.760000e+00 -7.600000e-01 
677 6.770000e+00 -7.700000e-01 
678 6.780000e+00 -7.800000e-01 
679 6.790000e+00 -7.900000e-01 
680 6.800000e+00 -8.000000e-01 
681 6.810000e+00 -8.100000e-01 
682 6.820000e+00 -8.200000e-01 
683 6.830000e+00 -8.300000e-01 
684 6.840000e+00 -8.400000e-01 
685 6.850000e+00 -8.500000e-01 
686 6.860000e+00 -8.600000e-01 
687 6.870000e+00 -8.700000e-01 
688 6.880000e+00 -8.800000e-01 
689 6.890000e+00 -8.900000e-01 
690 6.900000e+00 -9.000000e-01 
691 6.910000e+00 -9.100000e-01 
692 6.920000e+00 -9.200000e-01 
693 6.930000e+00 -9.300000e-01 
694 6.940000e+00 -9.400000e-01 
695 6.950000e+00 -9.500000e-01 
696 6.960000e+00 -9.600000e-01 
697 6.970000e+00 -9.700000e-01 
698 6.980000e+00 -9.800000e-01 
699 6.990000e+00 -9.900000e-01 
700 7.000000e+00 -1.000000e+00 
701 7.010000e+00 -9.900000e-01 
702 7.020000e+00 -9.800000e-01 
703 7.030000e+00 -9.700000e-01 
704 7.040000e+00 -9.600000e-01 
705 7.050000e+00 -9.500000e-01 
706 7.060000e+00 -9.400000e-01 
707 7.070000e+00 -9.300000e-01 
708 7.080000e+00 -9.200000e-01 
709 7.090000e+00 -9.100000e-01 
710 7.100000e+00 -9.000000e-01 
711 7.110000e+00 -8.900000e-01 
712 7.120000e+00 -8.800000e-01 
713 7.130000e+00 -8.700000e-01 
714 7.140000e+00 -8.600000e-01 
715 7.150000e+00 -8.500000e-01 
716 7.160000e+00 -8.400000e-01 
717 7.170000e+00 -8.300000e-01 
718 7.180000e+00 -8.200000e-01 
719 7.190000e+00 -8.100000e-01 
720 7.200000e+00 -8.000000e-01 
721 7.210000e+00 -7.900000e-01 
722 7.220000e+00 -7.800000e-01 
723 7.230000e+00 -7.700000e-01 
724 7.240000e+00 -7.600000e-01 
725 7.250000e+00 -7.500000e-01 
726 7.260000e+00 -7.400000e-01 
727 7.270000e+00 -7.300000e-01 
728 7.280000e+00 -7.200000e-01 
729 7.290000e+00 -7.100000e-01 
730 7.300000e+00 -7.000000e-01 
731 7.310000e+00 -6.900000e-01 
732 7.320000e+00 -6.800000e-01 
733 7.330000e+00 -6.700000e-01 
734 7.340000e+00 -6.600000e-01 
735 7.350000e+00 -6.500000e-01 
736 7.360000e+00 -6.400000e-01 
737 7.370000e+00 -6.300000e-01 
738 7.380000e+00 -6.200000e-01 
739 7.390000e+00 -6.100000e-01 
740 7.400000e+00 -6.000000e-01 
741 7.410000e+00 -5.900000e-01 
742 7.420000e+00 -5.800000e-01 
743 7.430000e+00 -5.700000e-01 
744 7.440000e+00 -5.600000e-01 
745 7.450000e+00 -5.500000e-01 
746 7.460000e+00 -5.400000e-01 
747 7.470000e+00 -5.300000e-01 
748 7.480000e+00 -5.200000e-01 
749 7.490000e+00 -5.100000e-01 
750 7.500000e+00 -5.000000e-01 
751 7.510000e+00 -4.900000e-01 
752 7.520000e+00 -4.800000e-01 
753 7.530000e+00 -4.700000e-01 
754 7.540000e+00 -4.600000e-01 
755 7.550000e+00 -4.500000e-01 
756 7.560000e+00 -4.400000e-01 
757 7.570000e+00 -4.300000e-01 
758 7.580000e+00 -4.200000e-01 
759 7.590000e+00 -4.100000e-01 
760 7.600000e+00 -4.000000e-01 
761 7.610000e+00 -3.900000e-01 
762 7.620000e+00 -3.800000e-01 
763 7.630000e+00 -3.700000e-01 
764 7.640000e+00 -3.600000e-01 
765 7.650000e+00 -3.500000e-01 
766 7.660000e+00 -3.400000e-01 
767 7.670000e+00 -3.300000e-01 
768 7.680000e+00 -3.200000e-01 
769 7.690000e+00 -3.100000e-01 
770 7.700000e+00 -3.000000e-01 
771 7.710000e+00 -2.900000e-01 
772 7.720000e+00 -2.800000e-01 
773 7.730000e+00 -2.700000e-01 
774 7.740000e+00 -2.600000e-01 
775 7.750000e+00 -2.500000e-01 
776 7.760000e+00 -2.400000e-01 
777 7.770000e+00 -2.300000e-01 
778 7.780000e+00 -2.200000e-01 
779 7.790000e+00 -2.100000e-01 
780 7.800000e+00 -2.000000e-01 
781 7.810000e+00 -1.900000e-01 
782 7.820000e+00 -1.800000e-01 
783 7.830000e+00 -1.700000e-01 
784 7.840000e+00 -1.600000e-01 
785 7.850000e+00 -1.500000e-01 
786 7.860000e+00 -1.400000e-01 
787 7.870000e+00 -1.300000e-01 
788 7.880000e+00 -1.200000e-01 
789 7.890000e+00 -1.100000e-01 
790 7.900000e+00 -1.000000e-01 
791 7.910000e+00 -9.000000e-02 
792 7.920000e+00 -8.000000e-02 
793 7.930000e+00 -7.000000e-02 
794 7.940000e+00 -6.000000e-02 
795 7.950000e+00 -5.000000e-02 
796 7.960000e+00 -4.000000e-02 
797 7.970000e+00 -3.000000e-02 
798 7.980000e+00 -2.000000e-02 
799 7.990000e+00 -1.000000e-02 
800 8.000000e+00 7.528700e-16 
801 8.010000e+00 1.000000e-02 
802 8.020000e+00 2.000000e-02 
803 8.030000e+00 3.000000e-02 
804 8.040000e+00 4.000000e-02 
805 8.050000e+00 5.000000e-02 
806 8.060000e+00 6.000000e-02 
807 8.070000e+00 7.000000e-02 
808 8.080000e+00 8.000000e-02 
809 8.090000e+00 9.000000e-02 
810 8.100000e+00 1.000000e-01 
811 8.110000e+00 1.100000e-01 
812 8.120000e+00 1.200000e-01 
813 8.130000e+00 1.300000e-01 
814 8.140000e+00 1.400000e-01 
815 8.150000e+00 1.500000e-01 
816 8.160000e+00 1.600000e-01 
817 8.170000e+00 1.700000e-01 
818 8.180000e+00 1.800000e-01 
819 8.190000e+00 1.900000e-01 
820 8.200000e+00 2.000000e-01 
821 8.210000e+00 2.100000e-01 
822 8.220000e+00 2.200000e-01 
823 8.230000e+00 2.300000e-01 
824 8.240000e+00 2.400000e-01 
825 8.250000e+00 2.500000e-01 
826 8.260000e+00 2.600000e-01 
827 8.270000e+00 2.700000e-01 
828 8.280000e+00 2.800000e-01 
829 8.290000e+00 2.900000e-01 
830 8.300000e+00 3.000000e-01 
831 8.310000e+00 3.100000e-01 
832 8.320000e+00 3.200000e-01 
833 8.330000e+00 3.300000e-01 
834 8.340000e+00 3.400000e-01 
835 8.350000e+00 3.500000e-01 
836 8.360000e+00 3.600000e-01 
837 8.370000e+00 3.700000e-01 
838 8.380000e+00 3.800000e-01 
839 8.390000e+00 3.900000e-01 
840 8.400000e+00 4.000000e-01 
841 8.410000e+00 4.100000e-01 
842 8.420000e+00 4.200000e-01 
843 8.430000e+00 4.300000e-01 
844 8.440000e+00 4.400000e-01 
845 8.450000e+00 4.500000e-01 
846 8.460000e+00 4.600000e-01 
847 8.470000e+00 4.700000e-01 
848 8.480000e+00 4.800000e-01 
849 8.490000e+00 4.900000e-01 
850 8.500000e+00 5.000000e-01 
851 8.510000e+00 5.100000e-01 
852 8.520000e+00 5.200000e-01 
853 8.530000e+00 5.300000e-01 
854 8.540000e+00 5.400000e-01 
855 8.550000e+00 5.500000e-01 
856 8.560000e+00 5.600000e-01 
857 8.570000e+00 5.700000e-01 
858 8.580000e+00 5.800000e-01 
859 8.590000e+00 5.900000e-01 
860 8.600000e+00 6.000000e-01 
861 8.610000e+00 6.100000e-01 
862 8.620000e+00 6.200000e-01 
863 8.630000e+00 6.300000e-01 
864 8.640000e+00 6.400000e-01 
865 8.650000e+00 6.500000e-01 
866 8.660000e+00 6.600000e-01 
867 8.670000e+00 6.700000e-01 
868 8.680000e+00 6.800000e-01 
869 8.690000e+00 6.900000e-01 
870 8.700000e+00 7.000000e-01 
871 8.710000e+00 7.100000e-01 
872 8.720000e+00 7.200000e-01 
873 8.730000e+00 7.300000e-01 
874 8.740000e+00 7.400000e-01 
875 8.750000e+00 7.500000e-01 
876 8.760000e+00 7.600000e-01 
877 8.770000e+00 7.700000e-01 
878 8.780000e+00 7.800000e-01 
879 8.790000e+00 7.900000e-01 
880 8.800000e+00 8.000000e-01 
881 8.810000e+00 8.100000e-01 
882 8.820000e+00 8.200000e-01 
883 8.830000e+00 8.300000e-01 
884 8.840000e+00 8.400000e-01 
885 8.850000e+00 8.500000e-01 
886 8.860000e+00 8.600000e-01 
887 8.870000e+00 8.700000e-01 
888 8.880000e+00 8.800000e-01 
889 8.890000e+00 8.900000e-01 
890 8.900000e+00 9.000000e-01 
891 8.910000e+00 9.100000e-01 
892 8.920000e+00 9.200000e-01 
893 8.930000e+00 9.300000e-01 
894 8.940000e+00 9.400000e-01 
895 8.950000e+00 9.500000e-01 
896 8.960000e+00 9.600000e-01 
897 8.970000e+00 9.700000e-01 
898 8.980000e+00 9.800000e-01 
899 8.990000e+00 9.900000e-01 
900 9.000000e+00 1.000000e+00 
901 9.010000e+00 9.900000e-01 
902 9.020000e+00 9.800000e-01 
903 9.030000e+00 9.700000e-01 
904 9.040000e+00 9.600000e-01 
905 9.050000e+00 9.500000e-01 
906 9.060000e+00 9.400000e-01 
907 9.070000e+00 9.300000e-01 
908 9.080000e+00 9.200000e-01 
909 9.090000e+00 9.100000e-01 
910 9.100000e+00 9.000000e-01 
911 9.110000e+00 8.900000e-01 
912 9.120000e+00 8.800000e-01 
913 9.130000e+00 8.700000e-01 
914 9.140000e+00 8.600000e-01 
915 9.150000e+00 8.500000e-01 
916 9.160000e+00 8.400000e-01 
917 9.170000e+00 8.300000e-01 
918 9.180000e+00 8.200000e-01 
919 9.190000e+00 8.100000e-01 
920 9.200000e+00 8.000000e-01 
921 9.210000e+00 7.900000e-01 
922 9.220000e+00 7.800000e-01 
923 9.230000e+00 7.700000e-01 
924 9.240000e+00 7.600000e-01 
925 9.250000e+00 7.500000e-01 
926 9.260000e+00 7.400000e-01 
927 9.270000e+00 7.300000e-01 
928 9.280000e+00 7.200000e-01 
929 9.290000e+00 7.100000e-01 
930 9.300000e+00 7.000000e-01 
931 9.310000e+00 6.900000e-01 
932 9.320000e+00 6.800000e-01 
933 9.330000e+00 6.700000e-01 
934 9.340000e+00 6.600000e-01 
935 9.350000e+00 6.500000e-01 
936 9.360000e+00 6.400000e-01 
937 9.370000e+00 6.300000e-01 
938 9.380000e+00 6.200000e-01 
939 9.390000e+00 6.100000e-01 
940 9.400000e+00 6.000000e-01 
941 9.410000e+00 5.900000e-01 
942 9.420000e+00 5.800000e-01 
943 9.430000e+00 5.700000e-01 
944 9.440000e+00 5.600000e-01 
945 9.450000e+00 5.500000e-01 
946 9.460000e+00 5.400000e-01 
947 9.470000e+00 5.300000e-01 
948 9.480000e+00 5.200000e-01 
949 9.490000e+00 5.100000e-01 
950 9.500000e+00 5.000000e-01 
951 9.510000e+00 4.900000e-01 
952 9.520000e+00 4.800000e-01 
953 9.530000e+00 4.700000e-01 
954 9.540000e+00 4.600000e-01 
955 9.550000e+00 4.500000e-01 
956 9.560000e+00 4.400000e-01 
957 9.570000e+00 4.300000e-01 
958 9.580000e+00 4.200000e-01 
959 9.590000e+00 4.100000e-01 
960 9.600000e+00 4.000000e-01 
961 9.610000e+00 3.900000e-01 
962 9.620000e+00 3.800000e-01 
963 9.630000e+00 3.700000e-01 
964 9.640000e+00 3.600000e-01 
965 9.650000e+00 3.500000e-01 
966 9.660000e+00 3.400000e-01 
967 9.670000e+00 3.300000e-01 
968 9.680000e+00 3.200000e-01 
969 9.690000e+00 3.100000e-01 
970 9.700000e+00 3.000000e-01 
971 9.710000e+00 2.900000e-01 
972 9.720000e+00 2.800000e-01 
973 9.730000e+00 2.700000e-01 
974 9.740000e+00 2.600000e-01 
975 9.750000e+00 2.500000e-01 
976 9.760000e+00 2.400000e-01 
977 9.770000e+00 2.300000e-01 
978 9.780000e+00 2.200000e-01 
979 9.790000e+00 2.100000e-01 
980 9.800000e+00 2.000000e-01 
981 9.810000e+00 1.900000e-01 
982 9.820000e+00 1.800000e-01 
983 9.830000e+00 1.700000e-01 
984 9.840000e+00 1.600000e-01 
985 9.850000e+00 1.500000e-01 
986 9.860000e+00 1.400000e-01 
987 9.870000e+00 1.300000e-01 
988 9.880000e+00 1.200000e-01 
989 9.890000e+00 1.100000e-01 
990 9.900000e+00 1.000000e-01 
991 9.910000e+00 9.000000e-02 
992 9.920000e+00 8.000000e-02 
993 9.930000e+00 7.000000e-02 
994 9.940000e+00 6.000000e-02 
995 9.950000e+00 5.000000e-02 
996 9.960000e+00 4.000000e-02 
997 9.970000e+00 3.000000e-02 
998 9.980000e+00 2.000000e-02 
999 9.990000e+00 1.000000e-02 
1000 1.000000e+01 -7.528700e-16 
