0, 0.000000e+00, -4.940656e-324, 5.000000e-01, -4.940656e-324
1, 5.000000e-02, 9.983424e-02, 4.950207e-01, 8.631544e-02
2, 1.000000e-01, 1.986952e-01, 4.803250e-01, 1.709451e-01
3, 1.500000e-01, 2.957091e-01, 4.565957e-01, 2.523756e-01
4, 2.000000e-01, 3.901752e-01, 4.248424e-01, 3.293932e-01
5, 2.500000e-01, 4.815980e-01, 3.862559e-01, 4.011395e-01
6, 3.000000e-01, 5.696823e-01, 3.420724e-01, 4.671034e-01
7, 3.500000e-01, 6.543033e-01, 2.934721e-01, 5.270687e-01
8, 4.000000e-01, 7.354666e-01, 2.415178e-01, 5.810452e-01
9, 4.500000e-01, 8.132684e-01, 1.871275e-01, 6.291994e-01
10, 5.000000e-01, 8.878622e-01, 1.310718e-01, 6.717971e-01
11, 5.500000e-01, 9.594332e-01, 7.398423e-02, 7.091591e-01
12, 6.000000e-01, 1.028180e+00, 1.637793e-02, 7.416302e-01
13, 6.500000e-01, 1.094305e+00, -4.133566e-02, 7.695585e-01
14, 7.000000e-01, 1.158002e+00, -9.882915e-02, 7.932821e-01
15, 7.500000e-01, 1.219456e+00, -1.558436e-01, 8.131219e-01
16, 8.000000e-01, 1.278842e+00, -2.121752e-01, 8.293779e-01
17, 8.500000e-01, 1.336318e+00, -2.676642e-01, 8.423272e-01
18, 9.000000e-01, 1.392032e+00, -3.221864e-01, 8.522246e-01
19, 9.500000e-01, 1.446119e+00, -3.756453e-01, 8.593032e-01
20, 1.000000e+00, 1.498701e+00, -4.279672e-01, 8.637757e-01
21, 1.050000e+00, 1.549891e+00, -4.790959e-01, 8.658362e-01
22, 1.100000e+00, 1.599790e+00, -5.289895e-01, 8.656614e-01
23, 1.150000e+00, 1.648492e+00, -5.776171e-01, 8.634128e-01
24, 1.200000e+00, 1.696081e+00, -6.249572e-01, 8.592376e-01
25, 1.250000e+00, 1.742636e+00, -6.709952e-01, 8.532705e-01
26, 1.300000e+00, 1.788227e+00, -7.157219e-01, 8.456347e-01
27, 1.350000e+00, 1.832921e+00, -7.591331e-01, 8.364434e-01
28, 1.400000e+00, 1.876776e+00, -8.012276e-01, 8.258005e-01
29, 1.450000e+00, 1.919849e+00, -8.420074e-01, 8.138017e-01
30, 1.500000e+00, 1.962189e+00, -8.814764e-01, 8.005353e-01
31, 1.550000e+00, 2.003845e+00, -9.196402e-01, 7.860830e-01
32, 1.600000e+00, 2.044860e+00, -9.565058e-01, 7.705205e-01
33, 1.650000e+00, 2.085275e+00, -9.920809e-01, 7.539180e-01
34, 1.700000e+00, 2.125127e+00, -1.026374e+00, 7.363408e-01
35, 1.750000e+00, 2.164451e+00, -1.059394e+00, 7.178501e-01
36, 1.800000e+00, 2.203281e+00, -1.091150e+00, 6.985026e-01
37, 1.850000e+00, 2.241647e+00, -1.121652e+00, 6.783519e-01
38, 1.900000e+00, 2.279578e+00, -1.150909e+00, 6.574480e-01
39, 1.950000e+00, 2.317101e+00, -1.178930e+00, 6.358381e-01
40, 2.000000e+00, 2.354243e+00, -1.205725e+00, 6.135665e-01
41, 2.050000e+00, 2.391026e+00, -1.231303e+00, 5.906752e-01
42, 2.100000e+00, 2.427475e+00, -1.255672e+00, 5.672039e-01
43, 2.150000e+00, 2.463611e+00, -1.278840e+00, 5.431904e-01
44, 2.200000e+00, 2.499455e+00, -1.300817e+00, 5.186705e-01
45, 2.250000e+00, 2.535025e+00, -1.321610e+00, 4.936783e-01
46, 2.300000e+00, 2.570342e+00, -1.341226e+00, 4.682464e-01
47, 2.350000e+00, 2.605423e+00, -1.359672e+00, 4.424062e-01
48, 2.400000e+00, 2.640286e+00, -1.376955e+00, 4.161875e-01
49, 2.450000e+00, 2.674947e+00, -1.393082e+00, 3.896191e-01
50, 2.500000e+00, 2.709422e+00, -1.408059e+00, 3.627289e-01
51, 2.550000e+00, 2.743726e+00, -1.421890e+00, 3.355436e-01
52, 2.600000e+00, 2.777875e+00, -1.434581e+00, 3.080892e-01
53, 2.650000e+00, 2.811884e+00, -1.446137e+00, 2.803910e-01
54, 2.700000e+00, 2.845766e+00, -1.456561e+00, 2.524734e-01
55, 2.750000e+00, 2.879534e+00, -1.465859e+00, 2.243603e-01
56, 2.800000e+00, 2.913204e+00, -1.474033e+00, 1.960753e-01
57, 2.850000e+00, 2.946788e+00, -1.481085e+00, 1.676411e-01
58, 2.900000e+00, 2.980298e+00, -1.487020e+00, 1.390803e-01
59, 2.950000e+00, 3.013748e+00, -1.491839e+00, 1.104152e-01
60, 3.000000e+00, 3.047151e+00, -1.495544e+00, 8.166754e-02
61, 3.050000e+00, 3.080518e+00, -1.498136e+00, 5.285913e-02
62, 3.100000e+00, 3.113863e+00, -1.499616e+00, 2.401148e-02
63, 3.150000e+00, 3.147198e+00, -1.499984e+00, -4.853967e-03
64, 3.200000e+00, 3.180534e+00, -1.499242e+00, -3.371582e-02
65, 3.250000e+00, 3.213885e+00, -1.497388e+00, -6.255266e-02
66, 3.300000e+00, 3.247263e+00, -1.494422e+00, -9.134305e-02
67, 3.350000e+00, 3.280680e+00, -1.490343e+00, -1.200654e-01
68, 3.400000e+00, 3.314149e+00, -1.485149e+00, -1.486979e-01
69, 3.450000e+00, 3.347683e+00, -1.478838e+00, -1.772186e-01
70, 3.500000e+00, 3.381294e+00, -1.471409e+00, -2.056051e-01
71, 3.550000e+00, 3.414995e+00, -1.462858e+00, -2.338349e-01
72, 3.600000e+00, 3.448801e+00, -1.453182e+00, -2.618849e-01
73, 3.650000e+00, 3.482724e+00, -1.442377e+00, -2.897314e-01
74, 3.700000e+00, 3.516778e+00, -1.430440e+00, -3.173504e-01
75, 3.750000e+00, 3.550977e+00, -1.417366e+00, -3.447171e-01
76, 3.800000e+00, 3.585338e+00, -1.403150e+00, -3.718061e-01
77, 3.850000e+00, 3.619873e+00, -1.387788e+00, -3.985912e-01
78, 3.900000e+00, 3.654600e+00, -1.371272e+00, -4.250451e-01
79, 3.950000e+00, 3.689534e+00, -1.353599e+00, -4.511398e-01
80, 4.000000e+00, 3.724693e+00, -1.334760e+00, -4.768461e-01
81, 4.050000e+00, 3.760093e+00, -1.314749e+00, -5.021336e-01
82, 4.100000e+00, 3.795753e+00, -1.293559e+00, -5.269707e-01
83, 4.150000e+00, 3.831693e+00, -1.271182e+00, -5.513243e-01
84, 4.200000e+00, 3.867932e+00, -1.247611e+00, -5.751595e-01
85, 4.250000e+00, 3.904490e+00, -1.222837e+00, -5.984400e-01
86, 4.300000e+00, 3.941392e+00, -1.196851e+00, -6.211275e-01
87, 4.350000e+00, 3.978659e+00, -1.169644e+00, -6.431814e-01
88, 4.400000e+00, 4.016317e+00, -1.141209e+00, -6.645590e-01
89, 4.450000e+00, 4.054391e+00, -1.111534e+00, -6.852150e-01
90, 4.500000e+00, 4.092910e+00, -1.080611e+00, -7.051013e-01
91, 4.550000e+00, 4.131902e+00, -1.048431e+00, -7.241668e-01
92, 4.600000e+00, 4.171400e+00, -1.014984e+00, -7.423568e-01
93, 4.650000e+00, 4.211437e+00, -9.802607e-01, -7.596132e-01
94, 4.700000e+00, 4.252049e+00, -9.442525e-01, -7.758735e-01
95, 4.750000e+00, 4.293275e+00, -9.069512e-01, -7.910708e-01
96, 4.800000e+00, 4.335156e+00, -8.683492e-01, -8.051330e-01
97, 4.850000e+00, 4.377738e+00, -8.284399e-01, -8.179825e-01
98, 4.900000e+00, 4.421067e+00, -7.872183e-01, -8.295355e-01
99, 4.950000e+00, 4.465198e+00, -7.446811e-01, -8.397014e-01
100, 5.000000e+00, 4.510187e+00, -7.008273e-01, -8.483816e-01
101, 5.050000e+00, 4.556095e+00, -6.556589e-01, -8.554693e-01
102, 5.100000e+00, 4.602989e+00, -6.091818e-01, -8.608481e-01
103, 5.150000e+00, 4.650944e+00, -5.614067e-01, -8.643911e-01
104, 5.200000e+00, 4.700038e+00, -5.123505e-01, -8.659594e-01
105, 5.250000e+00, 4.750360e+00, -4.620377e-01, -8.654011e-01
106, 5.300000e+00, 4.802006e+00, -4.105024e-01, -8.625501e-01
107, 5.350000e+00, 4.855082e+00, -3.577911e-01, -8.572237e-01
108, 5.400000e+00, 4.909702e+00, -3.039653e-01, -8.492219e-01
109, 5.450000e+00, 4.965993e+00, -2.491059e-01, -8.383252e-01
110, 5.500000e+00, 5.024094e+00, -1.933181e-01, -8.242934e-01
111, 5.550000e+00, 5.084157e+00, -1.367371e-01, -8.068643e-01
112, 5.600000e+00, 5.146345e+00, -7.953629e-02, -7.857530e-01
113, 5.650000e+00, 5.210837e+00, -2.193678e-02, -7.606521e-01
114, 5.700000e+00, 5.277822e+00, 3.578110e-02, -7.312345e-01
115, 5.750000e+00, 5.347496e+00, 9.326355e-02, -6.971576e-01
116, 5.800000e+00, 5.420062e+00, 1.500670e-01, -6.580727e-01
117, 5.850000e+00, 5.495715e+00, 2.056398e-01, -6.136403e-01
118, 5.900000e+00, 5.574632e+00, 2.593041e-01, -5.635539e-01
119, 5.950000e+00, 5.656951e+00, 3.102404e-01, -5.075755e-01
120, 6.000000e+00, 5.742742e+00, 3.574806e-01, -4.455842e-01
121, 6.050000e+00, 5.831970e+00, 3.999180e-01, -3.776383e-01
122, 6.100000e+00, 5.924459e+00, 4.363448e-01, -3.040458e-01
123, 6.150000e+00, 6.019848e+00, 4.655266e-01, -2.254303e-01
124, 6.200000e+00, 6.117571e+00, 4.863172e-01, -1.427717e-01
125, 6.250000e+00, 6.216863e+00, 4.978015e-01, -5.739444e-02
126, 6.300000e+00, 6.316808e+00, 4.994348e-01, 2.911293e-02
